0	0.77548	1.09443	0.939156	0.314459	0.77587	1.31251	1.2373	0.375467	1.47003	0.88096	0.680723	0.806292	1.02679	1.16849	0.0360714	0.66056	1.28578	1.05932	1.15136	1.01288	1.29646	0.880208	1.18463	0.787637	1.29903	0.877408	0.55694	1.39824	0.777903	1.30201	0.724213	0.797309	0.232348	1.23576	0.959176	1.1003	0.905595	1.23393	0.659851	1.2099	1.22522	0.749944	1.15378	1.4484	0.619934	0.979484	0.853428	1.10273	0.578249	1.07052	0.695214	1.18146	1.11421	0.911806	0.936133	0.662715	1.10252	1.27173	1.37311	1.27415	0.555733	0.731902	1.0011	0.225963	0.172164	0.774866	0.692896	0.327704	0.379012	0.380681	0.980885	0.709814	1.09752	1.2384	0.711995	0.851375	1.06066	1.25037	0.195062	1.38269	0.990974	0.942299	1.19686	0.985534	
0.77548	0	0.8946	0.517923	1.16101	0.566916	1.07285	1.24239	0.942058	0.505842	0.316233	0.636204	0.320901	1.1178	0.86761	0.749682	0.481056	0.747021	0.351754	0.848306	0.197008	1.23368	0.806163	0.558594	0.872884	1.06343	0.300639	0.565389	1.13038	0.651866	0.468847	0.432541	0.298015	0.489954	0.401541	0.814262	0.160871	0.495912	1.14459	0.0645685	1.11409	0.479635	0.500793	1.10525	0.475304	1.04195	0.320785	0.867125	1.47951	0.680748	0.177264	0.986773	0.966802	1.20465	1.00959	0.0993135	0.332506	1.44286	1.06657	0.958857	0.289934	0.652318	0.435497	1.14463	0.433755	0.597173	0.324505	0.37427	0.400058	1.18699	0.932662	1.37588	0.48523	0.274524	1.06962	1.05527	0.653446	0.32881	0.644798	0.709387	0.405461	1.00226	0.841792	0.328376	0.797265	
1.09443	0.8946	0	0.370264	1.08382	1.67526	1.44449	0.420648	1.30914	0.705944	0.454322	1.6549	1.39948	1.05034	1.48434	1.09028	1.57282	0.403148	1.27727	0.297737	0.695945	0.827641	1.09312	0.288857	0.458368	1.45394	0.670076	0.410644	0.813198	0.275396	0.573705	1.30368	0.838372	1.13638	0.554317	1.74111	0.609271	0.465902	0.256259	1.09448	0.709802	0.417674	0.250686	0.318124	0.728457	0.905498	0.420689	1.40613	0.4755	0.453391	0.8931	1.43635	0.166153	1.75956	1.08947	0.711618	1.26147	0.480935	0.886656	0.959776	0.816824	1.55337	0.344484	0.432341	0.758279	1.09917	1.41513	0.399872	1.17563	1.23214	1.28489	0.644541	0.269393	1.08057	0.399996	0.909218	0.684285	1.2554	1.19078	0.945346	0.75465	1.47889	0.339998	0.828105	1.64979	
0.939156	0.517923	0.370264	0	0.975	1.23279	1.03348	0.54926	0.995737	0.474857	0.112913	1.18276	1.01812	0.836851	0.960928	0.912558	1.09253	0.299182	0.834408	0.225925	0.302058	0.742469	0.676765	0.190178	0.326123	1.02034	0.269106	0.266809	0.74918	0.242281	0.283021	0.753073	0.331995	0.668173	0.297962	1.23304	0.29308	0.203307	0.487411	0.663693	0.541571	0.247884	0.207437	0.448805	0.53227	0.668208	0.145209	0.985062	0.745706	0.377055	0.56415	1.06546	0.342691	1.4675	0.786344	0.385331	0.719337	0.688948	0.717082	0.690729	0.576087	1.12329	0.140779	0.439959	0.553716	0.759902	1.00247	0.317859	0.75526	1.10085	0.960596	0.71969	0.287106	0.768155	0.425615	0.700303	0.244737	0.85305	0.69954	0.622505	0.472737	1.09328	0.308497	0.408501	1.09644	
0.314459	1.16101	1.08382	0.975	0	1.04666	0.949751	0.860039	0.248704	1.53105	1.07542	0.767877	1.19711	0.551467	0.96552	0.305494	0.857785	1.18489	1.37232	0.98752	1.14809	0.829018	0.567891	1.21275	0.524167	0.948935	0.976457	0.716228	0.942374	0.799951	1.2609	0.707515	0.832974	0.457236	1.26541	0.935232	1.28716	0.919593	0.898904	1.03791	0.750281	1.30655	1.00163	0.961384	1.60085	0.27437	1.15671	0.580764	0.68564	0.712196	1.42251	0.432746	0.959801	0.842555	0.490122	1.24135	0.842141	0.66425	0.799452	0.955524	1.56838	0.579468	0.962967	0.552301	0.664724	0.376319	1.15248	1.04799	0.555782	0.135593	0.227944	0.424785	1.04583	1.49987	0.846614	0.322384	0.667539	1.42457	1.1443	0.26358	1.52103	0.661095	0.754848	1.26348	0.917565	
0.77587	0.566916	1.67526	1.23279	1.04666	0	0.795799	1.74702	0.748992	0.894784	1.04815	0.161681	0.21974	1.14082	0.561173	0.74718	0.138953	1.39625	0.39803	1.52388	0.853321	1.40387	0.914311	1.35449	1.35339	0.760053	0.913771	1.1612	1.36483	1.31082	1.08212	0.467012	0.785501	0.566768	1.08783	0.36461	0.902148	1.1573	1.7412	0.411735	1.41257	1.21206	1.25395	1.78923	0.832718	1.17919	1.09395	0.694035	1.86974	1.24694	0.566562	0.710327	1.67916	0.548054	1.04848	0.769806	0.378282	1.84986	1.25057	1.13077	0.725588	0.348625	1.1557	1.59628	0.798192	0.639251	0.157413	1.06664	0.514259	1.01775	0.767728	1.5973	1.22449	0.407071	1.59818	1.15784	1.08713	0.369624	0.694408	0.832576	0.787838	0.717644	1.43882	0.753722	0.325877	
1.31251	1.07285	1.44449	1.03348	0.949751	0.795799	0	1.15982	0.887594	0.816263	1.10621	0.601002	0.896806	0.509093	0.142284	1.27642	0.682862	1.07822	0.711139	1.11721	0.818535	0.728696	0.410393	1.15698	0.880356	0.0799941	0.841989	1.18283	0.600322	1.11836	0.806302	0.455264	0.687002	1.06624	0.838439	0.261542	0.949001	0.936478	1.17868	0.997761	0.678993	1.13466	1.37854	1.3465	0.946914	0.794275	1.11573	0.323804	1.22568	1.24205	0.992494	0.566336	1.20586	0.294419	0.453315	1.04083	0.702673	1.16105	0.500982	0.309425	0.971036	0.695836	1.25944	0.898356	1.41136	1.12439	0.891275	1.41979	1.00309	1.02516	0.849252	0.889761	1.49932	0.977588	0.893622	0.648998	0.692652	0.799946	0.26687	0.979491	0.821381	0.233499	0.952904	0.630079	0.312601	
1.2373	1.24239	0.420648	0.54926	0.860039	1.74702	1.15982	0	1.01687	0.830794	0.769366	1.57744	1.65427	0.648415	1.29856	1.23228	1.60768	0.337619	1.55383	0.221486	0.941079	0.374392	0.883056	0.500372	0.503287	1.15533	0.926579	0.781114	0.483623	0.671372	0.63094	1.28001	0.976799	1.2761	0.727147	1.64458	0.880273	0.738994	0.192071	1.38796	0.319528	0.564577	0.697229	0.2958	0.905444	0.607543	0.735847	1.14634	0.254467	0.824096	1.21697	1.04913	0.265291	1.41979	0.779078	1.06805	1.32277	0.246442	0.534391	0.70322	1.13848	1.40924	0.72662	0.266026	1.15301	1.25827	1.63583	0.929124	1.34839	0.812291	0.981728	0.260073	0.770885	1.40299	0.270876	0.733033	0.59123	1.55642	1.19029	1.05266	0.941049	1.15872	0.563847	0.97839	1.50682	
0.375467	0.942058	1.30914	0.995737	0.248704	0.748992	0.887594	1.01687	0	1.39394	1.02898	0.515461	0.904638	0.482056	0.865455	0.344289	0.591855	1.04851	1.15807	0.995717	1.05406	0.744232	0.532141	1.17766	0.805535	0.876092	0.941684	0.929941	0.887133	1.02855	1.17149	0.569954	0.771219	0.311053	1.18295	0.747725	1.15805	0.991698	1.08776	0.796914	0.709537	1.17954	1.12376	1.26758	1.42593	0.470783	1.09812	0.471367	1.0195	0.979217	1.20257	0.24688	1.17446	0.660484	0.466814	1.08187	0.61512	1.01286	0.748188	0.935133	1.37425	0.331329	1.0345	0.858736	0.682033	0.304084	0.857484	1.06521	0.381302	0.23419	0.0555258	0.668957	1.139	1.23435	0.949105	0.442267	0.618039	1.18232	1.07913	0.390409	1.36955	0.550404	1.00251	1.15822	0.751462	
1.47003	0.505842	0.705944	0.474857	1.53105	0.894784	0.816263	0.830794	1.39394	0	0.459713	0.883793	0.700709	0.982163	0.740952	1.44531	0.784209	0.40922	0.547763	0.536114	0.366259	0.8	0.893879	0.407798	0.866512	0.795515	0.531381	0.80723	0.700453	0.748059	0.194239	0.753049	0.581697	1.18774	0.304623	1.01802	0.270979	0.59773	0.782894	0.627475	0.747869	0.297292	0.636131	0.845595	0.0446433	1.2102	0.411496	1.01071	1.13114	0.931455	0.253225	1.17743	0.680355	1.1387	1.02543	0.40872	0.685294	1.10206	0.722251	0.579399	0.223235	1.05185	0.600631	0.904342	1.05374	1.30146	0.656562	0.7029	1.11959	1.5924	1.38275	1.13552	0.685579	0.346291	0.719519	1.18407	0.662408	0.519255	0.505038	1.23968	0.0365803	1.00362	0.791848	0.196971	0.860098	
0.88096	0.316233	0.454322	0.112913	1.07542	1.04815	1.10621	0.769366	1.02898	0.459713	0	1.06172	0.7872	0.974513	0.977367	0.854918	0.931014	0.407349	0.652392	0.392486	0.210693	0.945518	0.734066	0.177902	0.465186	1.09541	0.179577	0.286212	0.902293	0.28819	0.315641	0.678496	0.261012	0.573452	0.269432	1.14569	0.197905	0.187361	0.664496	0.451928	0.748667	0.254111	0.200729	0.61339	0.482776	0.802652	0.0462011	1.00163	0.988144	0.402607	0.399769	1.11184	0.483164	1.47634	0.886417	0.221494	0.598897	0.935545	0.869437	0.81133	0.43745	1.03286	0.138494	0.65452	0.451209	0.681678	0.783951	0.209584	0.556847	1.17803	0.996233	0.957887	0.245506	0.57439	0.600134	0.815818	0.35019	0.655107	0.688893	0.636948	0.41924	1.13395	0.411242	0.360718	1.05039	
0.680723	0.636204	1.6549	1.18276	0.767877	0.161681	0.601002	1.57744	0.515461	0.883793	1.06172	0	0.328156	0.812635	0.438079	0.648688	0.0532541	1.33972	0.533039	1.43531	0.836581	1.14203	0.641367	1.34321	1.16202	0.572089	0.864428	1.11801	1.11342	1.23974	1.01456	0.295404	0.678766	0.479223	1.06344	0.298795	0.927451	1.08639	1.59685	0.449979	1.14948	1.21869	1.29478	1.68867	0.875335	0.911073	1.1155	0.423766	1.63706	1.18764	0.666467	0.426407	1.58315	0.395136	0.730932	0.832618	0.300332	1.60825	0.959326	0.880687	0.856453	0.163079	1.17753	1.35628	0.829935	0.538837	0.243806	1.14422	0.436183	0.758964	0.528353	1.2951	1.30005	0.58431	1.39579	0.851563	0.905815	0.538851	0.620659	0.670289	0.81432	0.444903	1.28477	0.715595	0.262602	
0.806292	0.320901	1.39948	1.01812	1.19711	0.21974	0.896806	1.65427	0.904638	0.700709	0.7872	0.328156	0	1.24265	0.693136	0.777683	0.20791	1.20472	0.190875	1.34073	0.599569	1.45905	0.953285	1.06909	1.27337	0.905979	0.69637	0.978966	1.34382	1.10944	0.893727	0.455221	0.650971	0.562199	0.813331	0.477778	0.612277	0.939635	1.58159	0.234707	1.42534	0.960783	0.972929	1.60949	0.643668	1.25023	0.807875	0.793635	1.83765	1.08244	0.285985	0.912225	1.46295	0.780813	1.13147	0.47049	0.367798	1.81966	1.275	1.0971	0.352776	0.496873	0.898269	1.54601	0.650966	0.647472	0.0717635	0.772704	0.477901	1.18092	0.916193	1.645	0.928065	0.170042	1.48325	1.22989	1.02613	0.155667	0.577809	0.858752	0.56543	0.846899	1.28673	0.530307	0.535521	
1.02679	1.1178	1.05034	0.836851	0.551467	1.14082	0.509093	0.648415	0.482056	0.982163	0.974513	0.812635	1.24265	0	0.667448	0.987411	0.933166	0.709351	1.27177	0.727359	0.863898	0.263104	0.237948	0.83566	0.658671	0.521526	0.823809	1.05718	0.201074	0.964054	0.735628	0.606081	0.683103	0.857526	0.762692	0.858706	0.944754	0.822829	0.663847	1.08732	0.25425	0.878442	1.1723	0.994701	1.10383	0.533335	0.959445	0.326813	0.667581	1.11673	1.21584	0.295692	0.802207	0.575703	0.127871	1.06098	0.827192	0.653555	0.111458	0.307923	1.23011	0.630107	1.09263	0.525015	1.23756	0.877063	1.21165	1.24706	0.833362	0.617775	0.479434	0.370857	1.26859	1.34068	0.433235	0.330557	0.495535	1.32835	0.783926	0.801513	1.05604	0.34736	0.748651	0.877949	0.795125	
1.16849	0.86761	1.48434	0.960928	0.96552	0.561173	0.142284	1.29856	0.865455	0.740952	0.977367	0.438079	0.693136	0.667448	0	1.1371	0.48468	1.10201	0.529641	1.15984	0.694145	0.89607	0.430258	1.16822	0.857428	0.0860575	0.718684	1.03058	0.801587	1.02623	0.767665	0.336983	0.558278	0.901815	0.791827	0.193537	0.832165	0.854323	1.32903	0.776942	0.807382	1.10813	1.256	1.3727	0.846802	0.773619	1.01322	0.349924	1.40942	1.09319	0.80298	0.571849	1.28148	0.339721	0.551693	0.881688	0.478958	1.32283	0.676108	0.446385	0.851297	0.595828	1.12106	0.991245	1.19215	0.979757	0.656804	1.26156	0.844317	1.02086	0.812433	1.06538	1.3671	0.764723	1.04787	0.711042	0.633359	0.600996	0.232884	0.841512	0.703644	0.301203	0.947027	0.512553	0.121053	
0.0360714	0.749682	1.09028	0.912558	0.305494	0.74718	1.27642	1.23228	0.344289	1.44531	0.854918	0.648688	0.777683	0.987411	1.1371	0	0.630222	1.26406	1.03329	1.13209	0.98635	1.2669	0.845933	1.15445	0.775107	1.26457	0.850165	0.551352	1.36103	0.768204	1.27677	0.692532	0.768848	0.199023	1.20851	0.92553	1.0745	0.880124	1.21564	0.633172	1.18207	1.19997	0.730261	1.17595	1.42457	0.611231	0.952692	0.816374	1.12219	0.600939	1.04666	0.661649	1.16766	1.07346	0.874465	0.910023	0.637181	1.12069	1.2338	1.33722	1.24877	0.522077	0.706066	0.990669	0.199419	0.137003	0.747466	0.672099	0.293964	0.374105	0.352145	0.964765	0.693424	1.07301	1.20788	0.680727	0.825802	1.03498	1.22083	0.164245	1.35878	0.952795	0.927476	1.17146	0.955293	
0.66056	0.481056	1.57282	1.09253	0.857785	0.138953	0.682862	1.60768	0.591855	0.784209	0.931014	0.0532541	0.20791	0.933166	0.48468	0.630222	0	1.28935	0.402061	1.39579	0.712944	1.24529	0.691663	1.24812	1.14949	0.658824	0.757403	1.01473	1.19516	1.15027	0.944452	0.274886	0.605486	0.439364	0.95623	0.322026	0.788205	0.993749	1.60249	0.317202	1.22468	1.12273	1.15617	1.64658	0.777932	0.961622	0.982766	0.49691	1.70777	1.09339	0.496553	0.535886	1.54127	0.519926	0.824911	0.673967	0.244007	1.67419	1.05361	0.937534	0.690731	0.206445	1.04463	1.39421	0.710839	0.510748	0.132792	0.985989	0.38534	0.846101	0.598596	1.39907	1.14926	0.426411	1.42435	0.929626	0.888914	0.398547	0.584989	0.657708	0.676906	0.541301	1.24706	0.604539	0.305666	
1.28578	0.747021	0.403148	0.299182	1.18489	1.39625	1.07822	0.337619	1.04851	0.40922	0.407349	1.33972	1.20472	0.709351	1.10201	1.26406	1.28935	0	1.06132	0.149208	0.522053	0.378015	0.811735	0.235101	0.587138	1.05761	0.586157	0.657067	0.481965	0.574817	0.269258	1.01907	0.656493	1.10258	0.349017	1.42244	0.42333	0.513036	0.350533	0.923817	0.303076	0.197987	0.479657	0.465586	0.449929	0.878188	0.365126	1.08247	0.637846	0.767351	0.687109	1.00568	0.32136	1.41387	0.827296	0.590091	0.921897	0.623188	0.531192	0.625452	0.631008	1.23849	0.46998	0.505004	0.957603	1.17533	1.18875	0.630473	1.121	1.22001	1.04379	0.651045	0.53806	0.864475	0.343041	0.900263	0.405117	1.04244	0.893962	1.07011	0.475548	1.12712	0.567266	0.553619	1.27457	
1.05932	0.351754	1.27727	0.834408	1.37232	0.39803	0.711139	1.55383	1.15807	0.547763	0.652392	0.533039	0.190875	1.27177	0.529641	1.03329	0.402061	1.06132	0	1.18188	0.441686	1.42363	0.874384	0.934478	1.09029	0.739469	0.538626	0.846862	1.27105	0.923586	0.713919	0.465192	0.525489	0.763605	0.607304	0.432253	0.478376	0.745084	1.47606	0.330598	1.30793	0.853444	0.861168	1.42078	0.535753	1.20131	0.669148	0.81516	1.79278	0.950484	0.274326	1.07149	1.29451	0.867995	1.1112	0.40116	0.405097	1.73294	1.21544	0.923735	0.292912	0.754912	0.775013	1.38187	0.763197	0.869656	0.242793	0.735084	0.668361	1.39216	1.12502	1.61533	0.871008	0.192526	1.34188	1.20997	0.854222	0.0397737	0.291145	0.928075	0.423575	0.855064	1.07331	0.360079	0.491879	
1.15136	0.848306	0.297737	0.225925	0.98752	1.52388	1.11721	0.221486	0.995717	0.536114	0.392486	1.43531	1.34073	0.727359	1.15984	1.13209	1.39579	0.149208	1.18188	0	0.577528	0.463893	0.807721	0.237163	0.406851	1.10617	0.582787	0.513023	0.538395	0.436123	0.353735	1.06519	0.661039	1.0483	0.42463	1.50056	0.508961	0.445848	0.23825	1.02436	0.339923	0.275228	0.386001	0.322403	0.594723	0.70185	0.372477	1.11712	0.460224	0.610353	0.822722	1.08815	0.20789	1.48429	0.804454	0.673716	1.03678	0.438806	0.57263	0.660684	0.76638	1.31913	0.380805	0.321998	0.863245	1.08002	1.32583	0.582106	1.11579	1.0619	0.974064	0.471586	0.460546	1.02415	0.258797	0.760408	0.359308	1.17992	0.944592	0.900459	0.604094	1.17036	0.420534	0.639129	1.35099	
1.01288	0.197008	0.695945	0.302058	1.14809	0.853321	0.818535	0.941079	1.05406	0.366259	0.210693	0.836581	0.599569	0.863898	0.694145	0.98635	0.712944	0.522053	0.441686	0.577528	0	0.948853	0.536182	0.3636	0.557403	0.818158	0.119743	0.440232	0.799975	0.428842	0.263968	0.396075	0.132691	0.693855	0.150094	0.850569	0.0715505	0.255516	0.845688	0.304997	0.760566	0.366289	0.423796	0.802645	0.416106	0.824384	0.198509	0.728653	1.18056	0.545732	0.279488	0.974863	0.66476	1.2178	0.736496	0.0699123	0.423152	1.10773	0.738066	0.583948	0.315787	0.861607	0.346213	0.766988	0.62883	0.80286	0.606735	0.409245	0.589588	1.22992	1.00189	1.06365	0.48612	0.444289	0.701925	0.806815	0.375278	0.467382	0.4192	0.724169	0.308584	0.854948	0.507713	0.173608	0.778146	
1.29646	1.23368	0.827641	0.742469	0.829018	1.40387	0.728696	0.374392	0.744232	0.8	0.945518	1.14203	1.45905	0.263104	0.89607	1.2669	1.24529	0.378015	1.42363	0.463893	0.948853	0	0.571975	0.686081	0.706907	0.717044	0.966322	1.08727	0.210621	0.968813	0.598479	0.954075	0.895986	1.17727	0.756846	1.20902	0.928973	0.890361	0.460781	1.28738	0.121035	0.661524	1.06722	0.757823	0.899187	0.705668	0.909791	0.695685	0.510621	1.15872	1.20654	0.500023	0.603621	0.868885	0.444826	1.12532	1.04095	0.512273	0.208182	0.404833	1.16164	0.961572	1.03056	0.475439	1.37017	1.20318	1.41938	1.23465	1.20121	0.858014	0.748998	0.359459	1.15764	1.34799	0.349048	0.606371	0.553682	1.4447	0.952691	1.08587	0.920335	0.668092	0.776655	0.899286	1.07504	
0.880208	0.806163	1.09312	0.676765	0.567891	0.914311	0.410393	0.883056	0.532141	0.893879	0.734066	0.641367	0.953285	0.237948	0.430258	0.845933	0.691663	0.811735	0.874384	0.807721	0.536182	0.571975	0	0.833436	0.473629	0.413846	0.469106	0.738805	0.415766	0.691715	0.664046	0.295596	0.342484	0.645777	0.519452	0.587395	0.703479	0.52793	0.86554	0.763413	0.427663	0.904744	0.96547	0.988	1.02895	0.38684	0.756247	0.180598	0.947178	0.790935	0.943577	0.354741	0.854613	0.667401	0.0834319	0.748419	0.497097	0.867756	0.316056	0.301859	1.01416	0.567288	0.847153	0.55338	0.950925	0.69036	0.926944	0.98939	0.590638	0.641196	0.467274	0.5882	1.08412	1.07168	0.575373	0.264402	0.312899	0.96449	0.46822	0.539003	0.88499	0.278763	0.55731	0.587258	0.532816	
1.18463	0.558594	0.288857	0.190178	1.21275	1.35449	1.15698	0.500372	1.17766	0.407798	0.177902	1.34321	1.06909	0.83566	1.16822	1.15445	1.24812	0.235101	0.934478	0.237163	0.3636	0.686081	0.833436	0	0.557381	1.16415	0.35716	0.517542	0.61392	0.425075	0.283482	0.969353	0.49726	0.921158	0.262076	1.42178	0.283717	0.292271	0.371517	0.75671	0.570782	0.164573	0.300653	0.50968	0.433387	0.958469	0.114425	1.13115	0.726564	0.643529	0.563768	1.21248	0.29015	1.49356	0.872635	0.382521	0.935182	0.718078	0.657249	0.698073	0.500825	1.26494	0.287943	0.559319	0.773489	0.996886	1.08319	0.362953	0.855189	1.3184	1.17077	0.767564	0.340541	0.751456	0.343534	0.865826	0.474145	0.91519	0.864488	0.972783	0.442026	1.20953	0.4535	0.495949	1.32669	
0.787637	0.872884	0.458368	0.326123	0.524167	1.35339	0.880356	0.503287	0.805535	0.866512	0.465186	1.16202	1.27337	0.658671	0.857428	0.775107	1.14949	0.587138	1.09029	0.406851	0.557403	0.706907	0.473629	0.557381	0	0.872035	0.432359	0.243075	0.735398	0.178764	0.594991	0.702616	0.428401	0.751798	0.565667	1.13535	0.659413	0.28524	0.403738	0.939991	0.464558	0.695071	0.414728	0.384122	0.985297	0.240538	0.511616	0.765629	0.534347	0.276972	0.98268	0.85452	0.288013	1.31467	0.532148	0.745652	0.801926	0.44595	0.656467	0.635931	1.02448	1.07566	0.383722	0.131652	0.656932	0.727405	1.24467	0.575031	0.80902	0.679282	0.708005	0.359527	0.535521	1.18582	0.372946	0.317127	0.230118	1.16287	0.731416	0.402013	0.868317	0.872561	0.138731	0.655572	1.00931	
1.29903	1.06343	1.45394	1.02034	0.948935	0.760053	0.0799941	1.15533	0.876092	0.795515	1.09541	0.572089	0.905979	0.521526	0.0860575	1.26457	0.658824	1.05761	0.739469	1.10617	0.818158	0.717044	0.413846	1.16415	0.872035	0	0.842737	1.16449	0.615183	1.1111	0.790384	0.452129	0.680492	1.05407	0.84008	0.286073	0.944852	0.937581	1.19233	0.98644	0.669745	1.12468	1.36709	1.33394	0.922387	0.778435	1.11082	0.330532	1.23814	1.22395	0.982702	0.541304	1.21178	0.307312	0.466529	1.04086	0.655226	1.1688	0.513734	0.332295	0.987174	0.677261	1.24484	0.899896	1.39002	1.11654	0.876652	1.41397	0.999771	1.01343	0.834438	0.900887	1.48913	0.967171	0.910501	0.660734	0.671329	0.818184	0.310895	0.964077	0.802069	0.240727	0.957569	0.623711	0.247613	
0.877408	0.300639	0.670076	0.269106	0.976457	0.913771	0.841989	0.926579	0.941684	0.531381	0.179577	0.864428	0.69637	0.823809	0.718684	0.850165	0.757403	0.586157	0.538626	0.582787	0.119743	0.966322	0.469106	0.35716	0.432359	0.842737	0	0.342247	0.844064	0.327216	0.376111	0.423024	0.100613	0.57281	0.234502	0.865132	0.206602	0.147264	0.812645	0.388271	0.739186	0.459238	0.382046	0.761878	0.593568	0.671421	0.175457	0.706346	1.11082	0.435608	0.427072	0.928293	0.627666	1.2456	0.646068	0.187865	0.455697	1.02867	0.767132	0.637765	0.481822	0.866808	0.29626	0.665977	0.541646	0.660401	0.698576	0.352718	0.461152	1.07871	0.87704	0.958611	0.454746	0.594604	0.643745	0.632036	0.303416	0.581463	0.473457	0.561492	0.468622	0.849725	0.387899	0.289103	0.797113	
0.55694	0.565389	0.410644	0.266809	0.716228	1.1612	1.18283	0.781114	0.929941	0.80723	0.286212	1.11801	0.978966	1.05718	1.03058	0.551352	1.01473	0.657067	0.846862	0.513023	0.440232	1.08727	0.738805	0.517542	0.243075	1.16449	0.342247	0	1.11208	0.107935	0.612437	0.727414	0.392656	0.576934	0.536999	1.17896	0.4995	0.258227	0.693757	0.644768	0.833848	0.613374	0.139782	0.491106	0.854959	0.51938	0.350043	1.00829	0.821657	0.1006	0.699086	1.09202	0.484624	1.56236	0.890191	0.496616	0.672133	0.750112	1.04324	0.974299	0.784694	1.0827	0.15112	0.488482	0.268151	0.559928	0.960347	0.254615	0.639932	0.873508	0.85459	0.805983	0.190357	0.869608	0.695967	0.654486	0.369482	0.879952	0.814999	0.30495	0.748209	1.16136	0.269926	0.593134	1.08107	
1.39824	1.13038	0.813198	0.74918	0.942374	1.36483	0.600322	0.483623	0.887133	0.700453	0.902293	1.11342	1.34382	0.201074	0.801587	1.36103	1.19516	0.481965	1.27105	0.538395	0.799975	0.210621	0.415766	0.61392	0.735398	0.615183	0.844064	1.11208	0	0.954925	0.547717	0.843399	0.802522	1.21612	0.551283	1.0974	0.797319	0.804052	0.468978	1.20109	0.235748	0.649167	1.06528	0.829432	0.810517	0.799246	0.83801	0.530225	0.600367	1.19334	1.09007	0.614666	0.596021	0.792038	0.33053	0.980089	1.01423	0.602109	0.0889981	0.222688	1.00483	0.97947	1.0292	0.523601	1.42034	1.24827	1.33637	1.1919	1.17085	1.00865	0.885265	0.437637	1.15566	1.22734	0.312925	0.594362	0.601289	1.30038	0.795561	1.15805	0.809426	0.53067	0.741246	0.765369	1.01909	
0.777903	0.651866	0.275396	0.242281	0.799951	1.31082	1.11836	0.671372	1.02855	0.748059	0.28819	1.23974	1.10944	0.964054	1.02623	0.768204	1.15027	0.574817	0.923586	0.436123	0.428842	0.968813	0.691715	0.425075	0.178764	1.1111	0.327216	0.107935	0.954925	0	0.543704	0.782818	0.403383	0.727519	0.464386	1.24799	0.48475	0.189406	0.529081	0.763706	0.714875	0.56298	0.174473	0.417802	0.81864	0.519156	0.326562	1.00265	0.725067	0.159751	0.751386	1.13154	0.332845	1.56553	0.814171	0.524802	0.783095	0.650488	0.908437	0.841088	0.788948	1.19793	0.184429	0.374109	0.463749	0.709328	1.09992	0.270965	0.763536	0.962565	0.944886	0.694307	0.247602	0.945949	0.520224	0.574703	0.342814	0.965521	0.782708	0.456145	0.717091	1.13822	0.1201	0.571775	1.14278	
1.30201	0.468847	0.573705	0.283021	1.2609	1.08212	0.806302	0.63094	1.17149	0.194239	0.315641	1.01456	0.893727	0.735628	0.767665	1.27677	0.944452	0.269258	0.713919	0.353735	0.263968	0.598479	0.664046	0.283482	0.594991	0.790384	0.376111	0.612437	0.547717	0.543704	0	0.646604	0.383781	1.01664	0.223216	1.08917	0.194725	0.412349	0.601126	0.595744	0.502328	0.167034	0.5105	0.645536	0.255164	0.917153	0.285042	0.874597	0.889537	0.725465	0.39262	0.979533	0.504463	1.21098	0.775542	0.366466	0.618398	0.844287	0.51625	0.467176	0.388219	0.936515	0.456371	0.62814	0.936305	1.12939	0.864623	0.616057	0.970216	1.34864	1.15185	0.857944	0.591094	0.592728	0.501006	0.893792	0.398942	0.719327	0.531467	0.997373	0.224284	0.921438	0.551155	0.220814	0.926372	
0.724213	0.432541	1.30368	0.753073	0.707515	0.467012	0.455264	1.28001	0.569954	0.753049	0.678496	0.295404	0.455221	0.606081	0.336983	0.692532	0.274886	1.01907	0.465192	1.06519	0.396075	0.954075	0.295596	0.969353	0.702616	0.452129	0.423024	0.727414	0.843399	0.782818	0.646604	0	0.262838	0.451986	0.60305	0.348009	0.530968	0.611448	1.26569	0.327407	0.825687	0.920942	0.947888	1.2713	0.837063	0.605389	0.726508	0.245917	1.37153	0.794488	0.543152	0.433273	1.17612	0.605397	0.450285	0.505487	0.201685	1.29138	0.670445	0.51084	0.689967	0.308198	0.812607	0.933163	0.724973	0.531127	0.428685	0.872122	0.381494	0.759444	0.527428	1.0284	1.02035	0.634997	1.00566	0.554385	0.475462	0.528482	0.336968	0.486104	0.670967	0.336476	0.788916	0.355929	0.315966	
0.797309	0.298015	0.838372	0.331995	0.832974	0.785501	0.687002	0.976799	0.771219	0.581697	0.261012	0.678766	0.650971	0.683103	0.558278	0.768848	0.605486	0.656493	0.525489	0.661039	0.132691	0.895986	0.342484	0.49726	0.428401	0.680492	0.100613	0.392656	0.802522	0.403383	0.383781	0.262838	0	0.484138	0.306306	0.696481	0.240641	0.240134	0.913439	0.339353	0.680363	0.528594	0.513822	0.85443	0.661775	0.56388	0.280299	0.527349	1.13282	0.477438	0.464954	0.716359	0.752196	1.04958	0.518182	0.237757	0.334348	1.04144	0.670789	0.557286	0.561601	0.660193	0.39968	0.666163	0.56636	0.583076	0.633159	0.495039	0.391339	0.928148	0.710458	0.911396	0.60162	0.630533	0.700572	0.54049	0.248032	0.583333	0.395308	0.466733	0.516722	0.663871	0.443993	0.278699	0.615459	
0.232348	0.489954	1.13638	0.668173	0.457236	0.566768	1.06624	1.2761	0.311053	1.18774	0.573452	0.479223	0.562199	0.857526	0.901815	0.199023	0.439364	1.10258	0.763605	1.0483	0.693855	1.17727	0.645777	0.921158	0.751798	1.05407	0.57281	0.576934	1.21612	0.727519	1.01664	0.451986	0.484138	0	0.937524	0.718102	0.789782	0.666447	1.22659	0.389812	1.06398	0.969626	0.708798	1.24819	1.17835	0.619979	0.677944	0.63816	1.30007	0.657311	0.782445	0.555699	1.15065	0.94882	0.722493	0.634347	0.404509	1.27317	1.07268	1.12537	0.984797	0.380286	0.599793	1.01283	0.265471	0.0732867	0.534396	0.563555	0.101654	0.496129	0.319514	1.0368	0.697998	0.824592	1.10809	0.609126	0.617611	0.774063	0.942397	0.231342	1.08846	0.784819	0.859505	0.879081	0.739075	
1.23576	0.401541	0.554317	0.297962	1.26541	1.08783	0.838439	0.727147	1.18295	0.304623	0.269432	1.06344	0.813331	0.762692	0.791827	1.20851	0.95623	0.349017	0.607304	0.42463	0.150094	0.756846	0.519452	0.262076	0.565667	0.84008	0.234502	0.536999	0.551283	0.464386	0.223216	0.60305	0.306306	0.937524	0	1.02859	0.1509	0.292109	0.625867	0.553398	0.601229	0.291805	0.440899	0.668376	0.362718	0.888453	0.225448	0.769554	1.00631	0.647941	0.387613	1.0438	0.490201	1.28439	0.685484	0.229677	0.607588	0.949656	0.567636	0.460208	0.353714	1.07675	0.393599	0.665066	0.823012	1.03514	0.828902	0.482333	0.84152	1.33836	1.13057	0.935267	0.508684	0.551863	0.509835	0.839879	0.400348	0.622441	0.504468	0.937273	0.293764	0.884607	0.488846	0.237056	0.949342	
0.959176	0.814262	1.74111	1.23304	0.935232	0.36461	0.261542	1.64458	0.747725	1.01802	1.14569	0.298795	0.477778	0.858706	0.193537	0.92553	0.322026	1.42244	0.432253	1.50056	0.850569	1.20902	0.587395	1.42178	1.13535	0.286073	0.865132	1.17896	1.0974	1.24799	1.08917	0.348009	0.696481	0.718102	1.02859	0	0.996344	1.06711	1.64668	0.658231	1.15628	1.36088	1.40446	1.71632	1.06969	0.928602	1.19357	0.386645	1.72433	1.24173	0.831349	0.572212	1.60553	0.28517	0.710879	0.926381	0.446239	1.66207	0.967417	0.748595	0.919466	0.449697	1.27387	1.33772	1.0625	0.781324	0.471945	1.28874	0.649887	0.948093	0.719012	1.34131	1.45424	0.716439	1.39089	0.855175	0.899135	0.490761	0.37865	0.807015	0.930252	0.357871	1.23744	0.726135	0.169778	
1.1003	0.160871	0.609271	0.29308	1.28716	0.902148	0.949001	0.880273	1.15805	0.270979	0.197905	0.927451	0.612277	0.944754	0.832165	1.0745	0.788205	0.42333	0.478376	0.508961	0.0715505	0.928973	0.703479	0.283717	0.659413	0.944852	0.206602	0.4995	0.797319	0.48475	0.194725	0.530968	0.240641	0.789782	0.1509	0.996344	0	0.323467	0.783699	0.304041	0.783729	0.24072	0.388048	0.772889	0.293692	0.982304	0.168594	0.892808	1.15646	0.619396	0.216529	1.0876	0.61669	1.30874	0.885794	0.0831991	0.501595	1.10745	0.768568	0.655437	0.235555	0.937042	0.334599	0.824185	0.661277	0.905117	0.619764	0.383433	0.694458	1.35689	1.12825	1.11254	0.427327	0.383002	0.697462	0.970817	0.467296	0.473828	0.528325	0.872576	0.230705	1.00165	0.587492	0.182988	0.914773	
0.905595	0.495912	0.465902	0.203307	0.919593	1.1573	0.936478	0.738994	0.991698	0.59773	0.187361	1.08639	0.939635	0.822829	0.854323	0.880124	0.993749	0.513036	0.745084	0.445848	0.255516	0.890361	0.52793	0.292271	0.28524	0.937581	0.147264	0.258227	0.804052	0.189406	0.412349	0.611448	0.240134	0.666447	0.292109	1.06711	0.323467	0	0.5907	0.609468	0.645652	0.462314	0.280648	0.569635	0.672919	0.587559	0.194763	0.829274	0.889404	0.343538	0.594202	1.02056	0.41513	1.38987	0.658523	0.353527	0.644301	0.810298	0.756133	0.664085	0.61997	1.06233	0.222247	0.473503	0.561145	0.705073	0.940017	0.282877	0.618062	1.05002	0.914876	0.772992	0.365704	0.783487	0.451953	0.51629	0.273016	0.7907	0.599345	0.552976	0.562771	0.963671	0.206911	0.406538	0.97927	
1.23393	1.14459	0.256259	0.487411	0.898904	1.7412	1.17868	0.192071	1.08776	0.782894	0.664496	1.59685	1.58159	0.663847	1.32903	1.21564	1.60249	0.350533	1.47606	0.23825	0.845688	0.460781	0.86554	0.371517	0.403738	1.19233	0.812645	0.693757	0.468978	0.529081	0.601126	1.26569	0.913439	1.22659	0.625867	1.64668	0.783699	0.5907	0	1.31173	0.386102	0.508129	0.565817	0.333507	0.849842	0.670045	0.614975	1.15254	0.299077	0.754432	1.13187	1.13401	0.0734794	1.44772	0.761475	0.946377	1.32946	0.301907	0.539039	0.689673	1.03186	1.43944	0.614405	0.208996	1.07586	1.19075	1.58525	0.751256	1.26607	0.990118	1.05523	0.265182	0.628802	1.32036	0.154507	0.635006	0.600795	1.4753	1.1599	1.03063	0.883832	1.17933	0.407231	0.926384	1.54588	
0.659851	0.0645685	1.09448	0.663693	1.03791	0.411735	0.997761	1.38796	0.796914	0.627475	0.451928	0.449979	0.234707	1.08732	0.776942	0.633172	0.317202	0.923817	0.330598	1.02436	0.304997	1.28738	0.763413	0.75671	0.939991	0.98644	0.388271	0.644768	1.20109	0.763706	0.595744	0.327407	0.339353	0.389812	0.553398	0.658231	0.304041	0.609468	1.31173	0	1.18434	0.655877	0.649824	1.27418	0.597032	0.997378	0.478197	0.749392	1.58206	0.749326	0.222726	0.842037	1.15217	1.03681	0.961369	0.20893	0.249727	1.54382	1.10207	0.991805	0.383304	0.464645	0.567213	1.23629	0.426446	0.488933	0.226464	0.491437	0.31055	1.05144	0.792054	1.41326	0.630191	0.298094	1.20742	1.00826	0.70504	0.314976	0.632611	0.625721	0.511264	0.879159	0.949218	0.386915	0.656406	
1.2099	1.11409	0.709802	0.541571	0.750281	1.41257	0.678993	0.319528	0.709537	0.747869	0.748667	1.14948	1.42534	0.25425	0.807382	1.18207	1.22468	0.303076	1.30793	0.339923	0.760566	0.121035	0.427663	0.570782	0.464558	0.669745	0.739186	0.833848	0.235748	0.714875	0.502328	0.825687	0.680363	1.06398	0.601229	1.15628	0.783729	0.645652	0.386102	1.18434	0	0.596064	0.872296	0.597062	0.871323	0.507813	0.731507	0.639014	0.474455	0.900322	1.11922	0.557855	0.464576	0.964358	0.351012	0.97452	0.944055	0.439966	0.21169	0.348243	1.08781	0.992853	0.818766	0.308721	1.2096	1.09543	1.38827	1.05426	1.09058	0.80093	0.667219	0.290857	0.990961	1.29758	0.243132	0.450448	0.31843	1.35426	0.800475	0.895226	0.842397	0.652487	0.537758	0.749528	1.01242	
1.22522	0.479635	0.417674	0.247884	1.30655	1.21206	1.13466	0.564577	1.17954	0.297292	0.254111	1.21869	0.960783	0.878442	1.10813	1.19997	1.12273	0.197987	0.853444	0.275228	0.366289	0.661524	0.904744	0.164573	0.695071	1.12468	0.459238	0.613374	0.649167	0.56298	0.167034	0.920942	0.528594	0.969626	0.291805	1.36088	0.24072	0.462314	0.508129	0.655877	0.596064	0	0.39108	0.600277	0.306055	1.06277	0.214366	1.1417	0.833213	0.742199	0.448649	1.15206	0.429309	1.43056	0.971452	0.371373	0.819326	0.828049	0.671668	0.715322	0.416686	1.12709	0.372705	0.694372	0.817021	1.07799	0.952483	0.474843	0.952558	1.38031	1.19823	0.893462	0.422034	0.628166	0.501895	1.04058	0.519327	0.81922	0.8321	1.05462	0.332315	1.20195	0.625079	0.423206	1.23367	
0.749944	0.500793	0.250686	0.207437	1.00163	1.25395	1.37854	0.697229	1.12376	0.636131	0.200729	1.29478	0.972929	1.1723	1.256	0.730261	1.15617	0.479657	0.861168	0.386001	0.423796	1.06722	0.96547	0.300653	0.414728	1.36709	0.382046	0.139782	1.06528	0.174473	0.5105	0.947888	0.513822	0.708798	0.440899	1.40446	0.388048	0.280648	0.565817	0.649824	0.872296	0.39108	0	0.473017	0.639002	0.811116	0.223245	1.24977	0.831343	0.260831	0.573707	1.31018	0.376024	1.71313	1.09018	0.400279	0.82073	0.798631	1.07179	1.04637	0.599285	1.25534	0.0639611	0.595427	0.308329	0.691974	0.975261	0.126088	0.760756	1.13817	1.08344	0.906612	0.0315423	0.738371	0.633147	0.89218	0.508353	0.847932	0.956098	0.561452	0.601443	1.38499	0.361548	0.588634	1.31918	
1.15378	1.10525	0.318124	0.448805	0.961384	1.78923	1.3465	0.2958	1.26758	0.845595	0.61339	1.68867	1.60949	0.994701	1.3727	1.17595	1.64658	0.465586	1.42078	0.322403	0.802645	0.757823	0.988	0.50968	0.384122	1.33394	0.761878	0.491106	0.829432	0.417802	0.645536	1.2713	0.85443	1.24819	0.668376	1.71632	0.772889	0.569635	0.333507	1.27418	0.597062	0.600277	0.473017	0	0.917966	0.632949	0.608609	1.32393	0.285494	0.464209	1.1054	1.33436	0.260143	1.76902	1.00062	0.919615	1.26087	0.220583	0.86113	0.911257	1.06153	1.58591	0.516149	0.304149	0.934367	1.23056	1.59459	0.700438	1.31816	0.996729	1.19898	0.503388	0.547847	1.31558	0.450422	0.840211	0.578596	1.43624	1.15533	0.929187	0.899364	1.39479	0.40845	0.885344	1.56794	
1.4484	0.475304	0.728457	0.53227	1.60085	0.832718	0.946914	0.905444	1.42593	0.0446433	0.482776	0.875335	0.643668	1.10383	0.846802	1.42457	0.777932	0.449929	0.535753	0.594723	0.416106	0.899187	1.02895	0.433387	0.985297	0.922387	0.593568	0.854959	0.810517	0.81864	0.255164	0.837063	0.661775	1.17835	0.362718	1.06969	0.293692	0.672919	0.849842	0.597032	0.871323	0.306055	0.639002	0.917966	0	1.33064	0.431309	1.12435	1.21957	0.98605	0.224511	1.25272	0.745538	1.19249	1.16048	0.403578	0.712257	1.20594	0.848417	0.724837	0.200042	1.06337	0.616072	1.03213	1.01338	1.2918	0.595857	0.676114	1.11154	1.64447	1.42945	1.25377	0.660308	0.28598	0.823233	1.31376	0.77542	0.484839	0.609835	1.29285	0.0623212	1.12059	0.902097	0.266698	0.920247	
0.619934	1.04195	0.905498	0.668208	0.27437	1.17919	0.794275	0.607543	0.470783	1.2102	0.802652	0.911073	1.25023	0.533335	0.773619	0.611231	0.961622	0.878188	1.20131	0.70185	0.824384	0.705668	0.38684	0.958469	0.240538	0.778435	0.671421	0.51938	0.799246	0.519156	0.917153	0.605389	0.56388	0.619979	0.888453	0.928602	0.982304	0.587559	0.670045	0.997378	0.507813	1.06277	0.811116	0.632949	1.33064	0	0.875062	0.550879	0.645966	0.513817	1.22952	0.536427	0.655601	1.02855	0.399195	1.01451	0.731397	0.552854	0.674281	0.71045	1.3408	0.789685	0.741734	0.278428	0.747243	0.591154	1.20276	0.91468	0.688114	0.274442	0.370339	0.29569	0.921447	1.37412	0.596061	0.231778	0.339267	1.28515	0.833254	0.333439	1.19925	0.65001	0.43508	0.909745	0.83955	
0.979484	0.320785	0.420689	0.145209	1.15671	1.09395	1.11573	0.735847	1.09812	0.411496	0.0462011	1.1155	0.807875	0.959445	1.01322	0.952692	0.982766	0.365126	0.669148	0.372477	0.198509	0.909791	0.756247	0.114425	0.511616	1.11082	0.175457	0.350043	0.83801	0.326562	0.285042	0.726508	0.280299	0.677944	0.225448	1.19357	0.168594	0.194763	0.614975	0.478197	0.731507	0.214366	0.223245	0.608609	0.431309	0.875062	0	1.0305	0.97162	0.470438	0.386757	1.15548	0.448375	1.48426	0.893774	0.20126	0.654401	0.928627	0.826904	0.778854	0.39763	1.08592	0.176171	0.666548	0.532505	0.779029	0.813553	0.229673	0.586213	1.25495	1.06932	0.959526	0.262968	0.562758	0.555554	0.856196	0.392646	0.664361	0.704343	0.74668	0.383228	1.1538	0.432388	0.354584	1.10488	
0.853428	0.867125	1.40613	0.985062	0.580764	0.694035	0.323804	1.14634	0.471367	1.01071	1.00163	0.423766	0.793635	0.326813	0.349924	0.816374	0.49691	1.08247	0.81516	1.11712	0.728653	0.695685	0.180598	1.13115	0.765629	0.330532	0.706346	1.00829	0.530225	1.00265	0.874597	0.245917	0.527349	0.63816	0.769554	0.386645	0.892808	0.829274	1.15254	0.749392	0.639014	1.1417	1.24977	1.32393	1.12435	0.550879	1.0305	0	1.17575	1.0585	0.981071	0.261274	1.18602	0.408864	0.227632	0.89591	0.451534	1.11848	0.423582	0.306242	1.06835	0.384066	1.12666	0.842361	1.0464	0.677086	0.771372	1.2133	0.58012	0.621763	0.436977	0.776557	1.33672	1.0277	0.868238	0.41232	0.573279	0.893673	0.487606	0.626019	0.988065	0.0960728	0.87728	0.697119	0.388939	
1.10273	1.47951	0.4755	0.745706	0.68564	1.86974	1.22568	0.254467	1.0195	1.13114	0.988144	1.63706	1.83765	0.667581	1.40942	1.12219	1.70777	0.637846	1.79278	0.460224	1.18056	0.510621	0.947178	0.726564	0.534347	1.23814	1.11082	0.821657	0.600367	0.725067	0.889537	1.37153	1.13282	1.30007	1.00631	1.72433	1.15646	0.889404	0.299077	1.58206	0.474455	0.833213	0.831343	0.285494	1.21957	0.645966	0.97162	1.17575	0	0.768441	1.50466	1.07497	0.391626	1.40359	0.794904	1.32714	1.50952	0.0350998	0.613654	0.81441	1.43778	1.42919	0.888037	0.290067	1.19623	1.23147	1.81818	1.07876	1.39235	0.783222	1.0088	0.248215	0.898081	1.69169	0.384273	0.68544	0.763863	1.81119	1.35569	0.983012	1.24805	1.18129	0.59597	1.23295	1.60649	
0.578249	0.680748	0.453391	0.377055	0.712196	1.24694	1.24205	0.824096	0.979217	0.931455	0.402607	1.18764	1.08244	1.11673	1.09319	0.600939	1.09339	0.767351	0.950484	0.610353	0.545732	1.15872	0.790935	0.643529	0.276972	1.22395	0.435608	0.1006	1.19334	0.159751	0.725465	0.794488	0.477438	0.657311	0.647941	1.24173	0.619396	0.343538	0.754432	0.749326	0.900322	0.742199	0.260831	0.464209	0.98605	0.513817	0.470438	1.0585	0.768441	0	0.823081	1.14013	0.544678	1.62254	0.93801	0.614536	0.753671	0.697368	1.11796	1.04792	0.914267	1.1488	0.26841	0.50879	0.36171	0.638607	1.06149	0.362054	0.719997	0.856291	0.895551	0.821735	0.311612	0.994325	0.773241	0.683976	0.44287	0.99066	0.89313	0.36713	0.871924	1.21239	0.302941	0.69759	1.1437	
1.07052	0.177264	0.8931	0.56415	1.42251	0.566562	0.992494	1.21697	1.20257	0.253225	0.399769	0.666467	0.285985	1.21584	0.80298	1.04666	0.496553	0.687109	0.274326	0.822722	0.279488	1.20654	0.943577	0.563768	0.98268	0.982702	0.427072	0.699086	1.09007	0.751386	0.39262	0.543152	0.464954	0.782445	0.387613	0.831349	0.216529	0.594202	1.13187	0.222726	1.11922	0.448649	0.573707	1.1054	0.224511	1.22952	0.386757	0.981071	1.50466	0.823081	0	1.14672	0.959012	1.17194	1.15133	0.201951	0.430792	1.47207	1.07058	0.889929	0.104894	0.797873	0.523066	1.20077	0.65894	0.898421	0.280566	0.494306	0.698001	1.44823	1.19403	1.45587	0.566762	0.126518	1.07745	1.24749	0.753898	0.236463	0.537318	0.975502	0.167719	1.05157	0.9252	0.188661	0.77774	
0.695214	0.986773	1.43635	1.06546	0.432746	0.710327	0.566336	1.04913	0.24688	1.17743	1.11184	0.426407	0.912225	0.295692	0.571849	0.661649	0.535886	1.00568	1.07149	1.08815	0.974863	0.500023	0.354741	1.21248	0.85452	0.541304	0.928293	1.09202	0.614666	1.13154	0.979533	0.433273	0.716359	0.555699	1.0438	0.572212	1.0876	1.02056	1.13401	0.842037	0.557855	1.15206	1.31018	1.33436	1.25272	0.536427	1.15548	0.261274	1.07497	1.14013	1.14672	0	1.23104	0.452468	0.315341	1.09055	0.484859	1.04891	0.474728	0.613543	1.28921	0.279494	1.20101	0.869765	0.995057	0.580113	0.851469	1.2825	0.563048	0.424825	0.249528	0.695036	1.36638	1.18352	0.912359	0.452136	0.627928	1.11627	0.821366	0.596316	1.18116	0.296446	1.02723	0.962289	0.527466	
1.18146	0.966802	0.166153	0.342691	0.959801	1.67916	1.20586	0.265291	1.17446	0.680355	0.483164	1.58315	1.46295	0.802207	1.28148	1.16766	1.54127	0.32136	1.29451	0.20789	0.66476	0.603621	0.854613	0.29015	0.288013	1.21178	0.627666	0.484624	0.596021	0.332845	0.504463	1.17612	0.752196	1.15065	0.490201	1.60553	0.61669	0.41513	0.0734794	1.15217	0.464576	0.429309	0.376024	0.260143	0.745538	0.655601	0.448375	1.18602	0.391626	0.544678	0.959012	1.23104	0	1.58537	0.830077	0.760253	1.19639	0.368204	0.655239	0.728273	0.878881	1.4721	0.420224	0.207865	0.905015	1.12822	1.4676	0.551302	1.18376	1.07263	1.12025	0.391407	0.444821	1.16161	0.202187	0.659114	0.504417	1.30014	1.04181	0.925632	0.746839	1.24672	0.267374	0.764464	1.49271	
1.11421	1.20465	1.75956	1.4675	0.842555	0.548054	0.294419	1.41979	0.660484	1.1387	1.47634	0.395136	0.780813	0.575703	0.339721	1.07346	0.519926	1.41387	0.867995	1.48429	1.2178	0.868885	0.667401	1.49356	1.31467	0.307312	1.2456	1.56236	0.792038	1.56553	1.21098	0.605397	1.04958	0.94882	1.28439	0.28517	1.30874	1.38987	1.44772	1.03681	0.964358	1.43056	1.71313	1.76902	1.19249	1.02855	1.48426	0.408864	1.40359	1.62254	1.17194	0.452468	1.58537	0	0.608992	1.31021	0.807229	1.40778	0.688649	0.653742	1.19737	0.455082	1.61594	1.2778	1.43403	0.973251	0.763716	1.64803	0.899308	0.862988	0.693421	1.0498	1.75159	1.03619	1.21769	0.822606	1.11128	0.895058	0.658084	1.06122	1.14228	0.305202	1.42467	1.03686	0.336026	
0.911806	1.00959	1.08947	0.786344	0.490122	1.04848	0.453315	0.779078	0.466814	1.02543	0.886417	0.730932	1.13147	0.127871	0.551693	0.874465	0.824911	0.827296	1.1112	0.804454	0.736496	0.444826	0.0834319	0.872635	0.532148	0.466529	0.646068	0.890191	0.33053	0.814171	0.775542	0.450285	0.518182	0.722493	0.685484	0.710879	0.885794	0.658523	0.761475	0.961369	0.351012	0.971452	1.09018	1.00062	1.16048	0.399195	0.893774	0.227632	0.794904	0.93801	1.15133	0.315341	0.830077	0.608992	0	0.949242	0.692423	0.74445	0.241838	0.318701	1.19736	0.59942	0.989744	0.510591	1.08695	0.740725	1.10568	1.13019	0.680991	0.563701	0.423386	0.439082	1.20137	1.27592	0.481907	0.214154	0.402735	1.19368	0.642635	0.62106	1.05408	0.291037	0.621155	0.788556	0.665416	
